function [wavelength,ABS]=getdata

data=[...
600	0.001495346
596.73	0.001548042
593.46	0.00142678
590.19	0.001314423
586.92	0.001190873
583.65	0.001161541
580.38	0.001209107
577.11	0.00129712
573.84	0.001395104
570.57	0.001505743
567.3	0.001577801
564.03	0.001641254
560.76	0.001653302
557.49	0.001768964
554.22	0.001895292
550.95	0.002144921
547.68	0.00230835
544.41	0.002459206
541.14	0.002456817
537.87	0.002555614
534.6	0.002778376
531.33	0.002986698
528.06	0.003151054
524.79	0.003272183
521.52	0.003401389
518.25	0.003594691
514.98	0.00372162
511.71	0.003859293
508.44	0.004061635
505.17	0.004209127
501.9	0.004431163
498.63	0.004620932
495.36	0.004877856
492.09	0.005197797
488.82	0.005444605
485.55	0.005660919
482.28	0.005873344
479.01	0.006100303
475.74	0.006366151
472.47	0.006630652
469.2	0.006957547
465.93	0.007358501
462.66	0.007770778
459.39	0.008224142
456.12	0.00866891
452.85	0.009181764
449.58	0.009668107
446.31	0.010240879
443.04	0.010812885
439.77	0.011489549
436.5	0.012254998
433.23	0.0130523
429.96	0.013884554
426.69	0.014707041
423.42	0.015549443
420.15	0.01642794
416.88	0.017364977
413.61	0.018386745
410.34	0.019343436
407.07	0.020350796
403.8	0.021418602
400.53	0.02255224
397.26	0.023704931
393.99	0.024923904
390.72	0.026222276
387.45	0.027628416
384.18	0.029082214
380.91	0.030652611
377.64	0.032277479
374.37	0.034058939
371.1	0.035872401
367.83	0.037804018
364.56	0.039828558
361.29	0.041941773
358.02	0.044139131
354.75	0.046448223
351.48	0.048829909
348.21	0.051376747
344.94	0.054001638
341.67	0.056768154
338.4	0.059664496
335.13	0.062806261
331.86	0.066073094
328.59	0.06951989
325.32	0.07309583
322.05	0.076800995
318.78	0.080641975
315.51	0.084651786
312.24	0.088825821
308.97	0.093234143
305.7	0.097880075
302.43	0.102859389
299.16	0.108219723
295.89	0.113986952
292.62	0.120278545
289.35	0.127065443
286.08	0.134288111
282.81	0.141703605
279.54	0.14934688
276.27	0.156503589
273	0.162960141
269.73	0.169521785
266.46	0.175840736
263.19	0.181873331
259.92	0.187864077
256.65	0.193826014
253.38	0.200091309
250.11	0.206748526
246.84	0.213691904
243.57	0.221654517
240.3	0.230712313
237.03	0.241553046
233.76	0.255308175
230.49	0.268630968
227.22	0.286777177
223.95	0.308572763
220.68	0.332888185
];

wavelength=data(:,1); ABS=data(:,2);

end