function emmodel=emmodelfun

emmodel=[...
250	0	0	0.002	0.0209
251	0	0	0.002	0.0185
252	0	0	0.002	0.0157
253	0	0	0.0016	0.0149
254	0	0	0.0015	0.0111
255	0	0	0.0017	0.0101
256	0	0.0003	0.0018	0.0083
257	0	0.0006	0.0014	0.0085
258	0	0.0012	0.0011	0.0078
259	0	0.0007	0.0021	0.0056
260	0	0.0012	0.0019	0.0054
261	0	0.0011	0.0023	0.0056
262	0	0.0009	0.0029	0.0046
263	0	0.0009	0.0033	0.0042
264	0.001	0.0009	0.0032	0.0047
265	0	0.0004	0.0034	0.0042
266	0.0001	0.0007	0.0036	0.0043
267	0.0005	0.0003	0.0035	0.0045
268	0.0014	0.0005	0.0034	0.005
269	0.0003	0.0003	0.0043	0.0032
270	0.0013	0.0007	0.0042	0.0043
271	0.0015	0.0009	0.0044	0.0048
272	0.0015	0.001	0.0045	0.0041
273	0.0008	0.0016	0.0041	0.0072
274	0.0012	0.0018	0.0037	0.0062
275	0.0012	0.0013	0.0036	0.0066
276	0.0013	0.0016	0.0036	0.0056
277	0.0008	0.0016	0.0033	0.0094
278	0.0012	0.0014	0.0032	0.0102
279	0.0013	0.0013	0.0035	0.0108
280	0.0008	0.0016	0.0035	0.0156
281	0.0004	0.0014	0.0045	0.0177
282	0.0013	0.0011	0.0054	0.02
283	0.0015	0.0024	0.0052	0.0294
284	0.0032	0.0011	0.007	0.0329
285	0.0011	0.002	0.0065	0.0496
286	0.003	0.0012	0.0078	0.0526
287	0.0042	0.0006	0.0075	0.0668
288	0.0023	0	0.0074	0.0804
289	0.0033	0	0.0071	0.0895
290	0.0043	0	0.0067	0.1011
291	0.005	0	0.0065	0.1121
292	0.0023	0	0.0069	0.1224
293	0.005	0	0.0063	0.1402
294	0.0017	0	0.0069	0.153
295	0.0051	0	0.0069	0.1574
296	0.0062	0	0.0074	0.1637
297	0.0038	0	0.0074	0.1739
298	0.0036	0	0.0075	0.1764
299	0.0029	0	0.007	0.1846
300	0.004	0	0.0075	0.1816
301	0.0055	0	0.0077	0.1804
302	0.0074	0	0.0068	0.1897
303	0.0117	0	0.0068	0.1834
304	0.0078	0	0.0069	0.1884
305	0.0055	0	0.0076	0.188
306	0.0099	0	0.0085	0.1749
307	0.0086	0	0.0084	0.1782
308	0.0086	0	0.0091	0.1732
309	0.0123	0	0.0089	0.1693
310	0.0122	0	0.0102	0.1622
311	0.0129	0	0.0109	0.1567
312	0.0152	0	0.0104	0.1585
313	0.0169	0	0.0108	0.1547
314	0.0223	0	0.011	0.1426
315	0.0233	0	0.0114	0.1377
316	0.0245	0	0.0123	0.1323
317	0.0298	0	0.0124	0.1241
318	0.0322	0	0.0129	0.1196
319	0.037	0	0.0133	0.1099
320	0.0423	0	0.0138	0.1049
321	0.0417	0	0.0145	0.1087
322	0.049	0	0.0155	0.0921
323	0.0505	0	0.0168	0.0823
324	0.051	0	0.0181	0.0783
325	0.0603	0	0.0169	0.0785
326	0.0602	0	0.018	0.0772
327	0.0658	0	0.0186	0.065
328	0.0715	0	0.0183	0.0638
329	0.0776	0	0.019	0.0599
330	0.0787	0	0.0197	0.0593
331	0.0813	0	0.0209	0.0497
332	0.0848	0	0.0219	0.0478
333	0.0857	0	0.0234	0.0442
334	0.0933	0	0.0233	0.0439
335	0.0971	0	0.0247	0.0349
336	0.0962	0	0.0252	0.0424
337	0.1	0	0.0264	0.0437
338	0.1069	0	0.0269	0.0327
339	0.1084	0	0.0286	0.0367
340	0.1076	0	0.0289	0.0394
341	0.1139	0	0.0302	0.0284
342	0.1131	0	0.0315	0.0357
343	0.1219	0	0.0337	0.0222
344	0.1189	0	0.0354	0.0341
345	0.1218	0	0.0385	0.0291
346	0.1297	0	0.0396	0.0251
347	0.1278	0	0.0426	0.0267
348	0.1342	0	0.0446	0.02
349	0.1325	0	0.0473	0.0226
350	0.1367	0	0.0472	0.0233
351	0.1345	0	0.0502	0.0197
352	0.1356	0	0.052	0.0217
353	0.1375	0	0.0537	0.0216
354	0.1356	0	0.0556	0.0241
355	0.1392	0	0.0566	0.0217
356	0.1421	0	0.0585	0.0118
357	0.1403	0	0.0598	0.0186
358	0.142	0	0.0614	0.009
359	0.1397	0	0.0624	0.0182
360	0.1425	0	0.0638	0.0181
362	0.1351	0	0.0669	0.0197
363	0.1366	0	0.0683	0.0188
364	0.135	0	0.07	0.0196
365	0.1356	0	0.0727	0.0157
366	0.1285	0	0.076	0.0152
367	0.1321	0	0.0785	0.0102
368	0.1317	0	0.0801	0.0115
369	0.1314	0	0.0823	0.0102
370	0.1295	0.0002	0.0844	0.0167
371	0.1244	0.0002	0.0864	0.0154
372	0.1258	0.0008	0.0876	0.0091
373	0.122	0.0022	0.0884	0.0124
374	0.1171	0.0036	0.0886	0.0191
375	0.1187	0.0046	0.089	0.0145
376	0.1164	0.0061	0.0894	0.0128
377	0.1148	0.0069	0.091	0.0084
378	0.1085	0.0088	0.0905	0.021
379	0.1105	0.0099	0.0908	0.0128
380	0.1069	0.0114	0.092	0.0148
381	0.1054	0.0136	0.0914	0.0152
382	0.1016	0.0142	0.0924	0.0226
383	0.0997	0.0144	0.0954	0.0134
384	0.0968	0.0171	0.096	0.0104
385	0.0959	0.0185	0.0967	0.0093
386	0.0908	0.0211	0.0962	0.0124
387	0.0895	0.0197	0.0998	0.0056
388	0.0879	0.0219	0.0992	0.0102
389	0.0868	0.0237	0.0998	0.0126
390	0.0835	0.0244	0.1007	0.015
391	0.0795	0.0267	0.1014	0.0171
392	0.0781	0.0268	0.1033	0.0066
393	0.0787	0.0287	0.1029	0.0121
394	0.0766	0.0308	0.1022	0.0128
395	0.0738	0.0332	0.1023	0.0153
396	0.069	0.0342	0.1041	0.0149
397	0.0699	0.0365	0.1035	0.0135
398	0.0664	0.0378	0.1041	0.0128
399	0.0604	0.0397	0.1045	0.0173
400	0.0588	0.0394	0.1057	0.0138
401	0.0589	0.0413	0.1051	0.013
402	0.0591	0.043	0.1052	0.0116
403	0.0554	0.0431	0.1068	0.0128
404	0.0535	0.047	0.1053	0.0128
405	0.0523	0.0469	0.1064	0.0105
406	0.0533	0.0483	0.1062	0.0112
407	0.0468	0.0515	0.1055	0.0128
408	0.0466	0.0533	0.1051	0.013
409	0.0455	0.0538	0.1052	0.0134
410	0.0459	0.0555	0.1053	0.0121
411	0.0419	0.0577	0.1053	0.0148
412	0.0388	0.0586	0.1056	0.0111
413	0.0379	0.0599	0.1048	0.0158
414	0.039	0.0602	0.1045	0.0148
415	0.0408	0.0617	0.1041	0.0134
416	0.0353	0.0634	0.1039	0.0176
417	0.0334	0.0636	0.1036	0.0143
418	0.0316	0.0647	0.1031	0.0173
419	0.0291	0.0646	0.1029	0.0181
420	0.0333	0.0639	0.103	0.0134
421	0.0309	0.065	0.1016	0.0145
422	0.029	0.0651	0.1014	0.0159
423	0.0301	0.0648	0.1021	0.0125
424	0.0279	0.0656	0.1013	0.0118
425	0.0287	0.0668	0.1002	0.0137
426	0.0221	0.0667	0.1003	0.0135
427	0.0232	0.0663	0.1008	0.0096
428	0.0233	0.0673	0.0991	0.0091
429	0.0216	0.07	0.0972	0.0142
430	0.0192	0.0711	0.0961	0.0205
431	0.0181	0.071	0.0954	0.0233
432	0.0172	0.0711	0.0944	0.0289
433	0.014	0.0737	0.093	0.0376
434	0.0148	0.0746	0.0919	0.0384
435	0.013	0.0765	0.0909	0.0406
436	0.0143	0.0788	0.0886	0.035
437	0.0121	0.0802	0.0876	0.0428
438	0.0117	0.082	0.0864	0.035
439	0.0134	0.0826	0.0856	0.0375
440	0.0128	0.0851	0.0834	0.037
441	0.0126	0.0863	0.0827	0.036
442	0.0122	0.0875	0.0823	0.027
443	0.0134	0.0901	0.08	0.036
444	0.0111	0.0903	0.0801	0.0209
445	0.0116	0.093	0.0785	0.0178
446	0.0121	0.0937	0.0772	0.0277
447	0.0119	0.0955	0.0759	0.021
448	0.0117	0.0949	0.0761	0.0229
449	0.0148	0.0982	0.074	0.0167
450	0.014	0.1012	0.0717	0.0277
451	0.0179	0.1015	0.0707	0.0236
452	0.0165	0.1021	0.0709	0.0242
453	0.0132	0.1027	0.0694	0.028
454	0.0142	0.1055	0.0669	0.025
455	0.0163	0.1048	0.0667	0.0175
456	0.0147	0.1045	0.0659	0.0279
457	0.012	0.1067	0.0638	0.0296
458	0.0131	0.1083	0.0624	0.0231
459	0.0149	0.1098	0.0603	0.0341
460	0.0124	0.1102	0.0599	0.0304
461	0.0136	0.1079	0.0597	0.0252
462	0.0113	0.1099	0.0587	0.0289
463	0.0114	0.1091	0.0581	0.0223
464	0.0117	0.1095	0.057	0.0141
465	0.0111	0.1092	0.0558	0.0204
466	0.0071	0.1092	0.0557	0.0156
467	0.0099	0.1108	0.0528	0.0181
468	0.0096	0.1102	0.0531	0.0115
469	0.0108	0.1093	0.0519	0.0127
470	0.0104	0.1081	0.0511	0.0128
471	0.0076	0.1093	0.0488	0.0168
472	0.0093	0.1089	0.0478	0.0124
473	0.0087	0.1083	0.0469	0.0153
474	0.0106	0.1078	0.0464	0.0125
475	0.0087	0.1087	0.0448	0.0108
476	0.0106	0.1062	0.0452	0.0103
477	0.0084	0.106	0.0443	0.0123
478	0.0089	0.1042	0.0435	0.0157
479	0.008	0.1052	0.0418	0.0152
480	0.0075	0.1054	0.0404	0.0165
481	0.0064	0.1029	0.0406	0.0176
482	0.0061	0.1028	0.0393	0.0227
483	0.0063	0.1017	0.0382	0.0209
484	0.0045	0.1	0.0392	0.0182
485	0.0059	0.0982	0.0388	0.0152
486	0.0064	0.0989	0.0369	0.0187
487	0.0078	0.0964	0.0372	0.0152
488	0.0043	0.0973	0.0345	0.0173
489	0.0042	0.0958	0.034	0.0197
490	0.0038	0.0957	0.0331	0.0168
491	0.0032	0.094	0.033	0.015
492	0.0045	0.0927	0.0322	0.0195
493	0.0022	0.0916	0.032	0.0222
494	0.0025	0.0905	0.0316	0.0247
495	0.0018	0.0888	0.0316	0.0279
496	0.0002	0.0896	0.0305	0.0296
497	0.0028	0.0883	0.0299	0.0285
498	0.0009	0.0854	0.0317	0.0288
499	0.0006	0.0861	0.0296	0.0266
500	0.0021	0.0853	0.0283	0.0282
501	0.0014	0.0834	0.0287	0.0262
502	0.0015	0.0834	0.0274	0.0244
503	0.0011	0.0805	0.0277	0.0216
504	0.0009	0.0794	0.0275	0.0164
505	0.0011	0.0818	0.0242	0.0192
506	0.0003	0.0779	0.0257	0.0137
507	0.002	0.0783	0.0233	0.0138
508	0.0015	0.0757	0.0236	0.0099
509	0.0037	0.0743	0.0232	0.0104
510	0.0015	0.0728	0.0229	0.0075
511	0.0049	0.0705	0.0239	0.0053
512	0.0013	0.0699	0.023	0.0098
513	0.0026	0.0685	0.0228	0.0066
514	0.0018	0.0685	0.0216	0.0074
515	0.0016	0.0672	0.0214	0.006
516	0.0029	0.066	0.0214	0.0052
517	0.0022	0.0646	0.0209	0.0039
