function exmodel=exmodelfun

exmodel=[...
200	0.2476	0.1999	0.0521	0.5186
210	0.425	0.2208	0.0482	0.3623
220	0.6586	0.2426	0.1028	0.5146
230	0.239	0.2613	0.2793	0.4719
240	0.0811	0.2455	0.3088	0.0582
250	0.1176	0.2497	0.3259	0.0319
260	0.1992	0.221	0.2886	0.1002
270	0.2684	0.1961	0.2491	0.2157
280	0.2954	0.1877	0.2226	0.2147
290	0.2125	0.1759	0.2523	0.0638
300	0.0461	0.1752	0.3093	0.0331
310	0.015	0.1907	0.3235	0.0039
320	0.012	0.2187	0.2987	0
330	0.0107	0.2514	0.2649	0
340	0.0084	0.2702	0.2199	0
350	0.0029	0.2611	0.159	0
360	0	0.2314	0.1048	0
370	0	0.2004	0.043	0
380	0	0.1752	0.0125	0.0013
390	0	0.1482	0	0.0016
400	0	0.1239	0	0.0017
410	0	0.1036	0	0.0016
420	0	0.0836	0	0.0018
430	0	0.0689	0	0.0013
440	0	0.0529	0	0.0003
450	0	0.0415	0	0.0002];
end
