function [wavelength,ABS]=getdata

data=[...
600	0.002317718
596.73	0.002381457
593.46	0.002321756
590.19	0.002343406
586.92	0.002331193
583.65	0.002358213
580.38	0.002373502
577.11	0.002341627
573.84	0.002388872
570.57	0.002478007
567.3	0.002441107
564.03	0.00246377
560.76	0.002512261
557.49	0.002541559
554.22	0.002588605
550.95	0.002589292
547.68	0.002617365
544.41	0.002705461
541.14	0.002750286
537.87	0.002725335
534.6	0.002791119
531.33	0.002862712
528.06	0.002945548
524.79	0.002965222
521.52	0.00303069
518.25	0.003169354
514.98	0.003209786
511.71	0.003316361
508.44	0.003345801
505.17	0.003438874
501.9	0.00348866
498.63	0.003519465
495.36	0.003602595
492.09	0.003669198
488.82	0.003791183
485.55	0.003803583
482.28	0.003913583
479.01	0.003904358
475.74	0.004045114
472.47	0.004063589
469.2	0.004144453
465.93	0.004242372
462.66	0.00437953
459.39	0.004455337
456.12	0.004629948
452.85	0.004807991
449.58	0.004913408
446.31	0.00506467
443.04	0.005200973
439.77	0.005343506
436.5	0.005618846
433.23	0.005782777
429.96	0.006022232
426.69	0.00630176
423.42	0.006519398
420.15	0.006809743
416.88	0.007074874
413.61	0.007341147
410.34	0.007687724
407.07	0.008021767
403.8	0.008380102
400.53	0.008810782
397.26	0.009231391
393.99	0.009683952
390.72	0.010230313
387.45	0.010800053
384.18	0.011408416
380.91	0.01211908
377.64	0.012816978
374.37	0.013605717
371.1	0.014421123
367.83	0.01532688
364.56	0.016238028
361.29	0.017205509
358.02	0.018279564
354.75	0.019366785
351.48	0.020543684
348.21	0.021803002
344.94	0.023133919
341.67	0.024539056
338.4	0.026011864
335.13	0.02760902
331.86	0.029248614
328.59	0.031018426
325.32	0.032918469
322.05	0.034915869
318.78	0.037020148
315.51	0.039333945
312.24	0.041848254
308.97	0.044572996
305.7	0.047591341
302.43	0.050893916
299.16	0.054493756
295.89	0.058483096
292.62	0.062800883
289.35	0.067473462
286.08	0.072472991
282.81	0.077739841
279.54	0.08315268
276.27	0.088926187
273	0.094102622
269.73	0.099409314
266.46	0.104387867
263.19	0.108943539
259.92	0.113300489
256.65	0.117561717
253.38	0.122073968
250.11	0.126916327
246.84	0.132088554
243.57	0.137907255
240.3	0.144724872
237.03	0.152707886
233.76	0.16205358
230.49	0.170279453
227.22	0.180912042
223.95	0.189895446
220.68	0.178937624
];

wavelength=data(:,1); ABS=data(:,2);

end