function [wavelength,ABS]=getdata

data=[...
600	0.002513061
596.73	0.002611517
593.46	0.002719954
590.19	0.002787306
586.92	0.002948416
583.65	0.003073409
580.38	0.003257945
577.11	0.003352424
573.84	0.003557031
570.57	0.003735795
567.3	0.003895016
564.03	0.00410251
560.76	0.004298763
557.49	0.004480683
554.22	0.004685631
550.95	0.004830044
547.68	0.004993533
544.41	0.005244134
541.14	0.005388326
537.87	0.005643833
534.6	0.005852228
531.33	0.006137759
528.06	0.006388903
524.79	0.006663865
521.52	0.006941071
518.25	0.00730097
514.98	0.007653359
511.71	0.008039358
508.44	0.008418932
505.17	0.008827455
501.9	0.009222059
498.63	0.009661804
495.36	0.010131555
492.09	0.010506721
488.82	0.010970234
485.55	0.011453467
482.28	0.011951671
479.01	0.012426896
475.74	0.013115661
472.47	0.013700808
469.2	0.014343137
465.93	0.015047344
462.66	0.015829509
459.39	0.016620404
456.12	0.017495036
452.85	0.018510326
449.58	0.019466319
446.31	0.02058393
443.04	0.021858037
439.77	0.023185369
436.5	0.024628613
433.23	0.026122072
429.96	0.027787021
426.69	0.029516092
423.42	0.03146786
420.15	0.033519815
416.88	0.036038087
413.61	0.038541628
410.34	0.041205416
407.07	0.044122273
403.8	0.047217831
400.53	0.050621207
397.26	0.054143125
393.99	0.057888458
390.72	0.062116466
387.45	0.066643753
384.18	0.07147005
380.91	0.076906612
377.64	0.082651504
374.37	0.089087395
371.1	0.095870501
367.83	0.103236565
364.56	0.111176954
361.29	0.119605114
358.02	0.128702524
354.75	0.138199572
351.48	0.148277883
348.21	0.159219349
344.94	0.1706154
341.67	0.182671523
338.4	0.195456977
335.13	0.209040397
331.86	0.223130499
328.59	0.237939047
325.32	0.253570429
322.05	0.269894587
318.78	0.28718071
315.51	0.30558417
312.24	0.325007311
308.97	0.34581386
305.7	0.368400881
302.43	0.392807582
299.16	0.419708676
295.89	0.448792681
292.62	0.480454601
289.35	0.51461674
286.08	0.551208022
282.81	0.589105561
279.54	0.627043264
276.27	0.664724498
273	0.701063624
269.73	0.736818146
266.46	0.771090366
263.19	0.803692125
259.92	0.835674836
256.65	0.867434618
253.38	0.901542764
250.11	0.938535745
246.84	0.978212068
243.57	1.024537213
240.3	1.071205791
237.03	1.131005665
233.76	1.201831194
230.49	1.292505721
227.22	1.398859432
223.95	1.62602142

];

wavelength=data(:,1); ABS=data(:,2);

end