function [wavelength,ABS]=getdata

data=[...
600	9.15444896438602E-4
596.73	9.44532141182535E-4
593.46	9.74177705746002E-4
590.19	9.81224939882271E-4
586.92	9.82358621490355E-4
583.65	0.001026447
580.38	0.00102116
577.11	0.001079568
573.84	0.001056718
570.57	0.001025207
567.3	0.001113023
564.03	0.001105271
560.76	0.001151197
557.49	0.001164013
554.22	0.001168189
550.95	0.001174741
547.68	0.001210951
544.41	0.001296115
541.14	0.001285479
537.87	0.00134481
534.6	0.001407924
531.33	0.001448114
528.06	0.001470024
524.79	0.001527183
521.52	0.001655352
518.25	0.001622816
514.98	0.001699144
511.71	0.001716568
508.44	0.001785715
505.17	0.001861352
501.9	0.001922391
498.63	0.00199504
495.36	0.002084549
492.09	0.002140339
488.82	0.002190317
485.55	0.002269094
482.28	0.002347993
479.01	0.002442038
475.74	0.002510368
472.47	0.002588902
469.2	0.002689402
465.93	0.002804663
462.66	0.002956968
459.39	0.003133174
456.12	0.003259731
452.85	0.003399221
449.58	0.003570014
446.31	0.003711862
443.04	0.003866745
439.77	0.004036213
436.5	0.004287793
433.23	0.004547022
429.96	0.004833767
426.69	0.005087649
423.42	0.005372234
420.15	0.005625648
416.88	0.005975876
413.61	0.006302838
410.34	0.006678236
407.07	0.007051689
403.8	0.007484625
400.53	0.007921874
397.26	0.008428058
393.99	0.008923144
390.72	0.009460019
387.45	0.009990247
384.18	0.01058887
380.91	0.011227357
377.64	0.011962576
374.37	0.012722882
371.1	0.013613926
367.83	0.014520953
364.56	0.01552447
361.29	0.016596141
358.02	0.017765062
354.75	0.018980556
351.48	0.02028553
348.21	0.021699769
344.94	0.023187962
341.67	0.024703824
338.4	0.026348648
335.13	0.028097726
331.86	0.029894093
328.59	0.031810197
325.32	0.03382733
322.05	0.035944078
318.78	0.038231814
315.51	0.040675695
312.24	0.043291812
308.97	0.046109934
305.7	0.049226257
302.43	0.052563244
299.16	0.056129219
295.89	0.059955636
292.62	0.0640593
289.35	0.06837274
286.08	0.072976557
282.81	0.077796904
279.54	0.082774296
276.27	0.088221398
273	0.093172563
269.73	0.098466918
266.46	0.103717183
263.19	0.108761436
259.92	0.113787981
256.65	0.118756887
253.38	0.12397503
250.11	0.129520861
246.84	0.135207749
243.57	0.141586972
240.3	0.148816094
237.03	0.15690025
233.76	0.166917265
230.49	0.176256876
227.22	0.188608285
223.95	0.200808575
220.68	0.201281428
];

wavelength=data(:,1); ABS=data(:,2);

end