function [wavelength,ABS]=getdata

data=[...
600	0.001898973
596.73	0.002244728
593.46	0.002564503
590.19	0.002771596
586.92	0.003034305
583.65	0.003289188
580.38	0.003286747
577.11	0.003107117
573.84	0.00305322
570.57	0.002939078
567.3	0.002909604
564.03	0.003021426
560.76	0.003188625
557.49	0.003382754
554.22	0.003622845
550.95	0.003843039
547.68	0.0040503
544.41	0.004252643
541.14	0.004425885
537.87	0.004649462
534.6	0.004905256
531.33	0.005191813
528.06	0.005412275
524.79	0.005720671
521.52	0.006029886
518.25	0.006301078
514.98	0.006609117
511.71	0.006881406
508.44	0.00724606
505.17	0.007725713
501.9	0.008130707
498.63	0.008698777
495.36	0.009317016
492.09	0.009749259
488.82	0.010371708
485.55	0.010918667
482.28	0.011419004
479.01	0.011928156
475.74	0.012560191
472.47	0.013193772
469.2	0.013908099
465.93	0.014593124
462.66	0.01541701
459.39	0.016191217
456.12	0.017101643
452.85	0.018098838
449.58	0.019077802
446.31	0.020230909
443.04	0.021531266
439.77	0.022948855
436.5	0.024558924
433.23	0.026282107
429.96	0.028289515
426.69	0.030366858
423.42	0.032351247
420.15	0.034395679
416.88	0.036350064
413.61	0.038243514
410.34	0.04032351
407.07	0.042729591
403.8	0.045128729
400.53	0.047713838
397.26	0.050736327
393.99	0.054195391
390.72	0.058188563
387.45	0.062471105
384.18	0.067075
380.91	0.072165809
377.64	0.077688461
374.37	0.083724735
371.1	0.089927842
367.83	0.096669435
364.56	0.103764833
361.29	0.111263552
358.02	0.119508926
354.75	0.128203847
351.48	0.137251161
348.21	0.147024376
344.94	0.157088456
341.67	0.16767164
338.4	0.17904295
335.13	0.191049403
331.86	0.203397778
328.59	0.216446089
325.32	0.230060597
322.05	0.243719699
318.78	0.258094333
315.51	0.273547812
312.24	0.289828623
308.97	0.307299792
305.7	0.326321131
302.43	0.346983187
299.16	0.369522694
295.89	0.394663606
292.62	0.422133378
289.35	0.451550512
286.08	0.483122284
282.81	0.515845137
279.54	0.548646958
276.27	0.581173708
273	0.612344901
269.73	0.642790371
266.46	0.671946519
263.19	0.69949084
259.92	0.726361734
256.65	0.752836691
253.38	0.78089289
250.11	0.811249789
246.84	0.84428663
243.57	0.883288622
240.3	0.929816235
237.03	0.975317541
233.76	1.035774174
230.49	1.113980349
227.22	1.210624878
223.95	1.410525051
220.68	2.211590603
];

wavelength=data(:,1); ABS=data(:,2);

end