function [wavelength,ABS]=getdata

data=[...
600	0.001532621
596.73	0.001619524
593.46	0.001634492
590.19	0.001748872
586.92	0.001790056
583.65	0.001896382
580.38	0.001929792
577.11	0.00203023
573.84	0.002113461
570.57	0.002172937
567.3	0.002316318
564.03	0.002432588
560.76	0.002513744
557.49	0.002559712
554.22	0.002690521
550.95	0.00280392
547.68	0.002887467
544.41	0.003070162
541.14	0.003167057
537.87	0.003316474
534.6	0.00349649
531.33	0.003635997
528.06	0.00381726
524.79	0.004007482
521.52	0.004181366
518.25	0.004321008
514.98	0.004574648
511.71	0.004775758
508.44	0.005011131
505.17	0.005227443
501.9	0.005444078
498.63	0.005709783
495.36	0.006034807
492.09	0.006247824
488.82	0.006530552
485.55	0.006837366
482.28	0.007117888
479.01	0.007408814
475.74	0.007789635
472.47	0.008078558
469.2	0.00842301
465.93	0.008792788
462.66	0.009261602
459.39	0.009672849
456.12	0.010080428
452.85	0.010593644
449.58	0.011106778
446.31	0.011670913
443.04	0.012357955
439.77	0.013163294
436.5	0.013977831
433.23	0.014833579
429.96	0.015719631
426.69	0.016672224
423.42	0.017657856
420.15	0.018585818
416.88	0.019655822
413.61	0.020912506
410.34	0.022276829
407.07	0.023692715
403.8	0.02525078
400.53	0.026896105
397.26	0.028654791
393.99	0.030514788
390.72	0.032537957
387.45	0.034699877
384.18	0.036993963
380.91	0.039553155
377.64	0.042219377
374.37	0.04508983
371.1	0.048124275
367.83	0.051330939
364.56	0.054742864
361.29	0.058249601
358.02	0.061994905
354.75	0.06584649
351.48	0.069932926
348.21	0.074297203
344.94	0.078807544
341.67	0.083470152
338.4	0.088463326
335.13	0.093650623
331.86	0.098992778
328.59	0.104555087
325.32	0.110412847
322.05	0.116487695
318.78	0.122901119
315.51	0.12971576
312.24	0.136905515
308.97	0.144567059
305.7	0.152924715
302.43	0.162018176
299.16	0.171873503
295.89	0.182765631
292.62	0.19463831
289.35	0.207449325
286.08	0.221335984
282.81	0.236229746
279.54	0.251250989
276.27	0.26652641
273	0.281191441
269.73	0.295619038
266.46	0.308864217
263.19	0.320615389
259.92	0.331257646
256.65	0.341069879
253.38	0.35126091
250.11	0.362375075
246.84	0.374641967
243.57	0.389228973
240.3	0.406716336
237.03	0.427710785
233.76	0.447156293
230.49	0.47707832
227.22	0.506150467
223.95	0.542318093
220.68	0.539066017
];

wavelength=data(:,1); ABS=data(:,2);

end