function [wavelength,ABS]=getdata

data=[...
600	0.001706707
596.73	0.001746583
593.46	0.001755577
590.19	0.0018028
586.92	0.001778341
583.65	0.001737649
580.38	0.001660946
577.11	0.001671103
573.84	0.001685634
570.57	0.001730919
567.3	0.001765361
564.03	0.001816624
560.76	0.001885562
557.49	0.001883269
554.22	0.001922586
550.95	0.001927361
547.68	0.001967234
544.41	0.002056557
541.14	0.002102345
537.87	0.002115606
534.6	0.002204992
531.33	0.002269047
528.06	0.002273782
524.79	0.002350941
521.52	0.002475176
518.25	0.002438305
514.98	0.002515716
511.71	0.00257346
508.44	0.002680791
505.17	0.002751791
501.9	0.002796843
498.63	0.002906796
495.36	0.002997791
492.09	0.003099949
488.82	0.003197014
485.55	0.003282001
482.28	0.003389082
479.01	0.003487398
475.74	0.003656384
472.47	0.003853073
469.2	0.004052983
465.93	0.0042276
462.66	0.004476991
459.39	0.004628248
456.12	0.004797681
452.85	0.005010746
449.58	0.005203052
446.31	0.005423394
443.04	0.005610454
439.77	0.005768182
436.5	0.005931253
433.23	0.006115671
429.96	0.006369088
426.69	0.006651801
423.42	0.007011815
420.15	0.007327279
416.88	0.007743334
413.61	0.008171327
410.34	0.008607963
407.07	0.009078803
403.8	0.009577655
400.53	0.010113923
397.26	0.010654942
393.99	0.011248812
390.72	0.011878741
387.45	0.01259406
384.18	0.013359446
380.91	0.014159663
377.64	0.015054413
374.37	0.015987621
371.1	0.016996741
367.83	0.018091211
364.56	0.019264743
361.29	0.020500555
358.02	0.021856651
354.75	0.02324671
351.48	0.024733215
348.21	0.026330855
344.94	0.028033153
341.67	0.029774217
338.4	0.03166159
335.13	0.033673408
331.86	0.035748643
328.59	0.037952505
325.32	0.040275887
322.05	0.042728381
318.78	0.04538386
315.51	0.048212957
312.24	0.051198512
308.97	0.054397888
305.7	0.057921761
302.43	0.061715493
299.16	0.06580563
295.89	0.070198571
292.62	0.074886002
289.35	0.079873657
286.08	0.085251616
282.81	0.090822557
279.54	0.096452259
276.27	0.102504233
273	0.10802145
269.73	0.113840028
266.46	0.119560246
263.19	0.125078051
259.92	0.130490206
256.65	0.135892349
253.38	0.141586213
250.11	0.147712646
246.84	0.154068113
243.57	0.161171818
240.3	0.169084954
237.03	0.177990668
233.76	0.18885428
230.49	0.19854195
227.22	0.211281715
223.95	0.218473822
220.68	0.223938224
];

wavelength=data(:,1); ABS=data(:,2);

end