function [wavelength,ABS]=getdata

data=[...
600	0.005368146
596.73	0.005491139
593.46	0.005636659
590.19	0.005797915
586.92	0.005967828
583.65	0.006122603
580.38	0.006331458
577.11	0.006560146
573.84	0.006807754
570.57	0.007002698
567.3	0.007289284
564.03	0.007498643
560.76	0.007732866
557.49	0.00790425
554.22	0.008124237
550.95	0.008292733
547.68	0.008532581
544.41	0.008841279
541.14	0.009076717
537.87	0.009369703
534.6	0.009699775
531.33	0.010002338
528.06	0.010328222
524.79	0.010710795
521.52	0.011145406
518.25	0.011489702
514.98	0.012253802
511.71	0.012465714
508.44	0.01296062
505.17	0.013476417
501.9	0.013911838
498.63	0.014321606
495.36	0.014713041
492.09	0.014962133
488.82	0.01533457
485.55	0.01580304
482.28	0.016299025
479.01	0.016873553
475.74	0.017456925
472.47	0.01799264
469.2	0.018605528
465.93	0.019164638
462.66	0.019833465
459.39	0.020497655
456.12	0.021270281
452.85	0.022152123
449.58	0.023098153
446.31	0.024163883
443.04	0.025377399
439.77	0.026707942
436.5	0.028040871
433.23	0.029435083
429.96	0.030887206
426.69	0.03238352
423.42	0.033953313
420.15	0.035561509
416.88	0.037453129
413.61	0.039397767
410.34	0.041362079
407.07	0.043442672
403.8	0.045681232
400.53	0.048062283
397.26	0.05062006
393.99	0.053171734
390.72	0.055925548
387.45	0.058870651
384.18	0.062037189
380.91	0.065411509
377.64	0.068815728
374.37	0.072487372
371.1	0.076292721
367.83	0.080280176
364.56	0.084459846
361.29	0.08879813
358.02	0.093357857
354.75	0.097933674
351.48	0.102653665
348.21	0.107614826
344.94	0.112693186
341.67	0.117921791
338.4	0.123353727
335.13	0.129042628
331.86	0.134939857
328.59	0.141062962
325.32	0.14754685
322.05	0.154346112
318.78	0.161546167
315.51	0.169241809
312.24	0.177350483
308.97	0.186038885
305.7	0.195482866
302.43	0.205737575
299.16	0.216864726
295.89	0.22921405
292.62	0.242675186
289.35	0.257165109
286.08	0.273130835
282.81	0.289563273
279.54	0.306354699
276.27	0.32322609
273	0.339304829
269.73	0.354917593
266.46	0.369291929
263.19	0.382351912
259.92	0.394620228
256.65	0.406401902
253.38	0.418876281
250.11	0.432557514
246.84	0.447670796
243.57	0.465686922
240.3	0.487227947
237.03	0.513818518
233.76	0.539148945
230.49	0.57782463
227.22	0.617754094
223.95	0.661775457
220.68	0.760528004
];

wavelength=data(:,1); ABS=data(:,2);

end