function [wavelength,ABS]=getdata

data=[...
600	0.001328188
596.73	0.001456485
593.46	0.001570707
590.19	0.001653657
586.92	0.001726656
583.65	0.001826168
580.38	0.001998086
577.11	0.002053948
573.84	0.002205734
570.57	0.002360603
567.3	0.002485462
564.03	0.00263901
560.76	0.002754242
557.49	0.002909687
554.22	0.003075479
550.95	0.003241277
547.68	0.003455254
544.41	0.003647679
541.14	0.003820832
537.87	0.003986433
534.6	0.004271225
531.33	0.004494665
528.06	0.0047153
524.79	0.004894857
521.52	0.005149476
518.25	0.005411254
514.98	0.00570515
511.71	0.005978987
508.44	0.006265741
505.17	0.006592224
501.9	0.00688342
498.63	0.00717538
495.36	0.007603164
492.09	0.007867348
488.82	0.008248378
485.55	0.008646742
482.28	0.009064995
479.01	0.009456519
475.74	0.009960018
472.47	0.010451253
469.2	0.010963883
465.93	0.011493788
462.66	0.012137123
459.39	0.012768263
456.12	0.013493965
452.85	0.014322935
449.58	0.015080756
446.31	0.015996243
443.04	0.017029723
439.77	0.018059102
436.5	0.019214184
433.23	0.020408702
429.96	0.02177459
426.69	0.023226546
423.42	0.024823429
420.15	0.026477284
416.88	0.028304497
413.61	0.030322176
410.34	0.032478783
407.07	0.034831851
403.8	0.037298983
400.53	0.040072542
397.26	0.04300308
393.99	0.046100016
390.72	0.049657734
387.45	0.053503717
384.18	0.057557929
380.91	0.06210352
377.64	0.066793036
374.37	0.072089151
371.1	0.077674656
367.83	0.083791386
364.56	0.090376412
361.29	0.097434538
358.02	0.105068139
354.75	0.112973187
351.48	0.121402831
348.21	0.130503372
344.94	0.140024051
341.67	0.150154079
338.4	0.160918291
335.13	0.172396062
331.86	0.18433126
328.59	0.196874485
325.32	0.210152235
322.05	0.224033505
318.78	0.238724627
315.51	0.254353923
312.24	0.270848549
308.97	0.288469089
305.7	0.307522882
302.43	0.328005807
299.16	0.350103074
295.89	0.374202024
292.62	0.399875889
289.35	0.427318474
286.08	0.456624626
282.81	0.486641418
279.54	0.51651772
276.27	0.546107615
273	0.574630398
269.73	0.60308519
266.46	0.630895546
263.19	0.657874471
259.92	0.684782021
256.65	0.712029889
253.38	0.741256982
250.11	0.772678136
246.84	0.805774831
243.57	0.843427797
240.3	0.886676053
237.03	0.928437813
233.76	0.983553771
230.49	1.050196837
227.22	1.122727706
223.95	1.210875792
220.68	1.238856947
];

wavelength=data(:,1); ABS=data(:,2);

end