function [wavelength,ABS]=getdata

data=[...
600	0.001568591
596.73	0.001645101
593.46	0.001608953
590.19	0.001683728
586.92	0.001738471
583.65	0.001794374
580.38	0.001832179
577.11	0.001870325
573.84	0.001877867
570.57	0.001939964
567.3	0.002017737
564.03	0.002040558
560.76	0.002142871
557.49	0.002157703
554.22	0.002213731
550.95	0.00226965
547.68	0.002290792
544.41	0.002449623
541.14	0.002475781
537.87	0.002550279
534.6	0.002643099
531.33	0.002692354
528.06	0.002754323
524.79	0.002863641
521.52	0.003010935
518.25	0.003017755
514.98	0.003151217
511.71	0.003229996
508.44	0.003371352
505.17	0.003460812
501.9	0.003552491
498.63	0.003693488
495.36	0.003848146
492.09	0.003978577
488.82	0.004149466
485.55	0.004328848
482.28	0.004438116
479.01	0.004613749
475.74	0.004778567
472.47	0.004958109
469.2	0.005098505
465.93	0.005287132
462.66	0.005530646
459.39	0.005742236
456.12	0.005937288
452.85	0.006178173
449.58	0.006484687
446.31	0.00683375
443.04	0.007171975
439.77	0.007537091
436.5	0.007884152
433.23	0.008263965
429.96	0.008699513
426.69	0.009133982
423.42	0.009629538
420.15	0.010112349
416.88	0.01070541
413.61	0.011304392
410.34	0.011932676
407.07	0.012579531
403.8	0.013261237
400.53	0.014037305
397.26	0.014798178
393.99	0.015621346
390.72	0.016544588
387.45	0.017492342
384.18	0.018559178
380.91	0.019683613
377.64	0.020853019
374.37	0.022130126
371.1	0.023470679
367.83	0.024901842
364.56	0.026420145
361.29	0.028019678
358.02	0.029698931
354.75	0.031461123
351.48	0.03333179
348.21	0.03537449
344.94	0.037503652
341.67	0.039726793
338.4	0.042159094
335.13	0.044766527
331.86	0.047476502
328.59	0.050418827
325.32	0.053527977
322.05	0.05681459
318.78	0.060353634
315.51	0.064122937
312.24	0.068099156
308.97	0.07236659
305.7	0.076980106
302.43	0.0819254
299.16	0.087216021
295.89	0.092874735
292.62	0.098844633
289.35	0.105110755
286.08	0.111767037
282.81	0.118580658
279.54	0.125867226
276.27	0.133124727
273	0.14013551
269.73	0.147620858
266.46	0.155069009
263.19	0.162323944
259.92	0.169421574
256.65	0.176343353
253.38	0.183462418
250.11	0.190835858
246.84	0.198382377
243.57	0.206752389
240.3	0.215977659
237.03	0.226278437
233.76	0.238721216
230.49	0.24919945
227.22	0.262894378
223.95	0.27425582
220.68	0.251256383
];

wavelength=data(:,1); ABS=data(:,2);

end