function [wavelength,ABS]=getdata

data=[...
600	0.005122047
596.73	0.005241204
593.46	0.005304022
590.19	0.005414619
586.92	0.005511204
583.65	0.005658367
580.38	0.005755577
577.11	0.005894632
573.84	0.005960973
570.57	0.006073743
567.3	0.006282228
564.03	0.006405272
560.76	0.00659146
557.49	0.006710793
554.22	0.006864928
550.95	0.007038481
547.68	0.007231972
544.41	0.007419268
541.14	0.007596461
537.87	0.007810775
534.6	0.008032904
531.33	0.008241886
528.06	0.008436838
524.79	0.008726557
521.52	0.009010654
518.25	0.009266359
514.98	0.009555677
511.71	0.009825874
508.44	0.010152115
505.17	0.010462626
501.9	0.010760679
498.63	0.011079266
495.36	0.011429508
492.09	0.011749549
488.82	0.012051712
485.55	0.01238669
482.28	0.012755319
479.01	0.013142714
475.74	0.013550661
472.47	0.013936466
469.2	0.0143523
465.93	0.014793512
462.66	0.015294909
459.39	0.015749087
456.12	0.016254246
452.85	0.016825084
449.58	0.017392722
446.31	0.018011975
443.04	0.018769392
439.77	0.01943998
436.5	0.020230902
433.23	0.021043667
429.96	0.021892011
426.69	0.022755565
423.42	0.023718298
420.15	0.024687146
416.88	0.025741819
413.61	0.026744301
410.34	0.027758484
407.07	0.028746946
403.8	0.029745242
400.53	0.030773475
397.26	0.031870531
393.99	0.03302826
390.72	0.034316457
387.45	0.035690782
384.18	0.037153859
380.91	0.038727111
377.64	0.040392829
374.37	0.042130311
371.1	0.044054862
367.83	0.046016105
364.56	0.048189988
361.29	0.050440382
358.02	0.052850736
354.75	0.055363533
351.48	0.058036998
348.21	0.060928637
344.94	0.063935836
341.67	0.06704021
338.4	0.070419684
335.13	0.073957979
331.86	0.077646254
328.59	0.081485738
325.32	0.085575937
322.05	0.089810294
318.78	0.094314824
315.51	0.099044487
312.24	0.10406922
308.97	0.109449811
305.7	0.115311759
302.43	0.121686982
299.16	0.128731354
295.89	0.136601263
292.62	0.145283821
289.35	0.154567703
286.08	0.164442782
282.81	0.174714793
279.54	0.184647964
276.27	0.194529046
273	0.203954436
269.73	0.213410682
266.46	0.22231341
263.19	0.230571875
259.92	0.238432049
256.65	0.245948684
253.38	0.253805735
250.11	0.262220589
246.84	0.271180012
243.57	0.281691783
240.3	0.294197814
237.03	0.309826124
233.76	0.330330126
230.49	0.350508956
227.22	0.37604544
223.95	0.404973526
220.68	0.4151199
];

wavelength=data(:,1); ABS=data(:,2);

end