function [wavelength,ABS]=getdata

data=[...
600	0.004370135
596.73	0.00453106
593.46	0.004655269
590.19	0.00479131
586.92	0.004948162
583.65	0.005123713
580.38	0.005343706
577.11	0.005463745
573.84	0.005559542
570.57	0.005694985
567.3	0.005866501
564.03	0.006044516
560.76	0.006234594
557.49	0.006366538
554.22	0.006584425
550.95	0.006791876
547.68	0.006944957
544.41	0.007143727
541.14	0.007298224
537.87	0.007507782
534.6	0.007804806
531.33	0.00812963
528.06	0.008480864
524.79	0.00880624
521.52	0.009142433
518.25	0.009516137
514.98	0.01021067
511.71	0.010470628
508.44	0.010908019
505.17	0.011418355
501.9	0.011823336
498.63	0.012185797
495.36	0.0126449
492.09	0.013034501
488.82	0.013492476
485.55	0.013966627
482.28	0.014506916
479.01	0.014895623
475.74	0.015523221
472.47	0.016096059
469.2	0.016766817
465.93	0.01743599
462.66	0.01821868
459.39	0.018981283
456.12	0.019920443
452.85	0.020973804
449.58	0.021973542
446.31	0.023107523
443.04	0.024362664
439.77	0.025738959
436.5	0.02722375
433.23	0.028731538
429.96	0.030397318
426.69	0.032057688
423.42	0.033891421
420.15	0.035757491
416.88	0.037999091
413.61	0.040258069
410.34	0.042643623
407.07	0.045178899
403.8	0.047895012
400.53	0.050921089
397.26	0.0540289
393.99	0.057232426
390.72	0.060872667
387.45	0.064677987
384.18	0.068758262
380.91	0.073225737
377.64	0.077817282
374.37	0.08285835
371.1	0.088122814
367.83	0.093696336
364.56	0.099591159
361.29	0.105822269
358.02	0.112499063
354.75	0.119380921
351.48	0.126578218
348.21	0.134328214
344.94	0.142313528
341.67	0.150644943
338.4	0.159291264
335.13	0.168494827
331.86	0.177901358
328.59	0.187684347
325.32	0.198048196
322.05	0.208834512
318.78	0.220179683
315.51	0.232421635
312.24	0.245392723
308.97	0.259171907
305.7	0.274055504
302.43	0.290053288
299.16	0.307272322
295.89	0.326179891
292.62	0.346995666
289.35	0.369181555
286.08	0.392816094
282.81	0.417511936
279.54	0.442597876
276.27	0.467686299
273	0.491869952
269.73	0.515797131
266.46	0.538476288
263.19	0.55960758
259.92	0.58001289
256.65	0.599965796
253.38	0.621324584
250.11	0.644426041
246.84	0.669326704
243.57	0.698576211
240.3	0.7327743
237.03	0.767308037
233.76	0.811800411
230.49	0.868192405
227.22	0.923536281
223.95	0.982499093
220.68	1.003157648
];

wavelength=data(:,1); ABS=data(:,2);

end