function [wavelength,ABS]=getdata

data=[...
600	0.00162583
596.73	0.00170023
593.46	0.001719938
590.19	0.00183252
586.92	0.001859194
583.65	0.001941873
580.38	0.002011821
577.11	0.002086819
573.84	0.002189095
570.57	0.002254789
567.3	0.002342496
564.03	0.002446963
560.76	0.002545513
557.49	0.002630745
554.22	0.002797818
550.95	0.002871448
547.68	0.002991447
544.41	0.003186781
541.14	0.003299363
537.87	0.003515939
534.6	0.003696388
531.33	0.003843312
528.06	0.004058711
524.79	0.004291323
521.52	0.004582813
518.25	0.004810751
514.98	0.005098532
511.71	0.005390839
508.44	0.005698723
505.17	0.00593421
501.9	0.006159005
498.63	0.006427001
495.36	0.006753835
492.09	0.007082561
488.82	0.007403183
485.55	0.007688941
482.28	0.008008815
479.01	0.008366862
475.74	0.008752453
472.47	0.009072681
469.2	0.009416352
465.93	0.009738404
462.66	0.010199892
459.39	0.010628413
456.12	0.01103541
452.85	0.011521882
449.58	0.012086357
446.31	0.012684242
443.04	0.013382529
439.77	0.014153367
436.5	0.014987729
433.23	0.015901141
429.96	0.016910433
426.69	0.017881206
423.42	0.018967988
420.15	0.020063483
416.88	0.021289744
413.61	0.02262522
410.34	0.024095554
407.07	0.025599071
403.8	0.027182353
400.53	0.028874493
397.26	0.030725186
393.99	0.032584995
390.72	0.034633613
387.45	0.036793078
384.18	0.039104937
380.91	0.041644819
377.64	0.044330621
374.37	0.047250534
371.1	0.050305808
367.83	0.053499857
364.56	0.056872013
361.29	0.060318819
358.02	0.063953059
354.75	0.06763734
351.48	0.071442904
348.21	0.075490189
344.94	0.079523354
341.67	0.083654388
338.4	0.087977698
335.13	0.092592758
331.86	0.097240329
328.59	0.10204567
325.32	0.107022922
322.05	0.112086262
318.78	0.117405467
315.51	0.12304091
312.24	0.128928318
308.97	0.135116043
305.7	0.141739656
302.43	0.148782824
299.16	0.156270563
295.89	0.164398939
292.62	0.173123001
289.35	0.182449701
286.08	0.192469869
282.81	0.203254441
279.54	0.214086444
276.27	0.225214519
273	0.235891257
269.73	0.246644546
266.46	0.256774751
263.19	0.266109535
259.92	0.2749126
256.65	0.283409768
253.38	0.292365382
250.11	0.301919896
246.84	0.312107941
243.57	0.323954515
240.3	0.337656785
237.03	0.353858628
233.76	0.368436424
230.49	0.391422886
227.22	0.413539449
223.95	0.439260142
220.68	0.460539695
];

wavelength=data(:,1); ABS=data(:,2);

end