function [wavelength,ABS]=getdata

data=[...
600	6.33268365417193E-4
596.73	5.89151910328121E-4
593.46	5.68692550523894E-4
590.19	5.95241564737828E-4
586.92	6.86336736303208E-4
583.65	7.29097801513324E-4
580.38	6.68736015688418E-4
577.11	6.56480389418043E-4
573.84	6.27420385901295E-4
570.57	5.91139104732535E-4
567.3	5.51590610873032E-4
564.03	5.00497307030247E-4
560.76	4.32377624574948E-4
557.49	4.08868113626322E-4
554.22	3.59960803950933E-4
550.95	3.07543972966553E-4
547.68	2.76228126557337E-4
544.41	3.03720854503364E-4
541.14	3.57580913196356E-4
537.87	3.41297152096826E-4
534.6	3.76483098721674E-4
531.33	3.67401587728926E-4
528.06	4.05973850677265E-4
524.79	4.43689031206338E-4
521.52	4.88972518992131E-4
518.25	5.2904571038701E-4
514.98	5.53284584466866E-4
511.71	5.67612175332699E-4
508.440000000001	5.69980437395365E-4
505.170000000001	5.89953904238744E-4
501.900000000001	5.45738085877126E-4
498.630000000001	5.45774350802268E-4
495.360000000001	5.53939336481415E-4
492.090000000001	5.29381841523627E-4
488.820000000001	4.50932506459233E-4
485.550000000001	4.72894582808008E-4
482.280000000001	4.70022025438041E-4
479.010000000001	4.20166033045827E-4
475.740000000001	3.46839578567559E-4
472.470000000001	3.12944276631113E-4
469.200000000001	2.39604395110358E-4
465.930000000001	2.17888163498373E-4
462.660000000001	1.95399084589625E-4
459.390000000001	2.07583836846508E-4
456.120000000001	2.16419833578151E-4
452.850000000001	1.74447642145361E-4
449.580000000001	1.93334027822368E-4
446.310000000001	1.83174935704959E-4
443.040000000001	1.25314955502143E-4
439.770000000001	9.43596942403319E-5
436.500000000001	1.15160515352088E-4
433.230000000001	1.69506751213833E-4
429.960000000001	1.81791943682798E-4
426.690000000001	1.92134744547326E-4
423.420000000001	2.17435384397459E-4
420.150000000001	2.25527535362442E-4
416.880000000001	2.55673664742939E-4
413.610000000001	2.96311630675683E-4
410.340000000001	2.92387545986332E-4
407.070000000001	3.02983315896802E-4
403.800000000001	2.90843681466498E-4
400.530000000001	2.999655383632E-4
397.260000000001	2.90965672075356E-4
393.990000000001	2.86137468415488E-4
390.720000000001	3.05814863903474E-4
387.450000000001	2.88297889233626E-4
384.180000000001	2.37986888798271E-4
380.910000000001	2.27546092258913E-4
377.640000000001	2.0097608226266E-4
374.370000000001	1.92194152758235E-4
371.100000000001	1.80002810729439E-4
367.830000000001	2.01068544226678E-4
364.560000000001	2.00268334040243E-4
361.290000000001	2.11181111832759E-4
358.020000000001	2.12949179117386E-4
354.750000000001	2.16664595921752E-4
351.480000000001	2.0204534918017E-4
348.210000000001	2.15110391914846E-4
344.940000000001	2.55864542857131E-4
341.670000000001	2.96204905009227E-4
338.400000000001	3.97426220113874E-4
335.130000000001	4.61274881109012E-4
331.860000000001	5.2399977905439E-4
328.590000000002	5.77676111241785E-4
325.320000000002	6.01993918188754E-4
322.050000000002	6.29938398554641E-4
318.780000000002	6.53170991503027E-4
315.510000000002	7.2525138169766E-4
312.240000000002	8.08908496566059E-4
308.970000000002	9.07276642136703E-4
305.700000000002	0.00106511056158018
302.430000000002	0.00128609016928625
299.160000000002	0.00178760306690465
295.890000000002	0.00389683420001057
292.620000000002	0.0133067846786961
289.350000000002	0.0490001735870045
286.080000000002	0.146085649259524
282.810000000002	0.309368440986392
279.540000000002	0.456029883606809
276.270000000002	0.527168233492128
273.000000000002	0.547083228832521
269.730000000002	0.504681618054565
266.460000000002	0.427063326408297
263.190000000002	0.341324968709935
259.920000000002	0.260733268160775
256.650000000002	0.194668303434392
253.380000000002	0.141652919662571
250.110000000002	0.102844899644234
246.840000000002	0.0777679467112379
243.570000000002	0.0674459455064774
240.300000000002	0.086286030967379
237.030000000002	0.17078226107098
233.760000000002	0.389593810425759
230.490000000002	0.848462204657737
227.220000000002	1.62543446962926
223.950000000002	2.40191903097615
220.680000000002	2.25127108704387
];

wavelength=data(:,1); ABS=data(:,2);

end